GEN_Weather=7
GEN_Time=23, 14
GEN_Author=Onfire
GEN_spawn1=-1136.163696, 2785.763427, 108.424316
GEN_spawn2=-1084.121459, 2887.772460, 108.418273
GEN_CamPos=-1066.000000, 2756.000000, 128.000000, -1095.000000, 2834.000000, 103.000000
