GEN_Weather=33
GEN_Time=5, 14
GEN_Author=Southclaw
GEN_spawn1=-1386.812500, -1.205100, 214.052307
GEN_spawn2=-1338.140014, -131.081893, 221.519805
CTF_Rflagpoint=-1283.000000, 28.000000, 215.000000
CTF_Vflagpoint=-1323.000000, -129.000000, 215.000000
CTF_Rdroppoint=-1323.000000, -131.000000, 215.000000
CTF_Vdroppoint=-1283.000000, 31.000000, 215.000000
GEN_CamPos=-1289.000000, 36.000000, 230.000000, -1338.000000, -131.000000, 221.000000
