GEN_Weather=11
GEN_Time=19, 0
GEN_Author=Rockstar
GEN_spawn1=1878.732299, -59.994144, 34.478382
GEN_spawn2=2319.838867, 24.243322, 26.476568
GEN_CamPos=1844.000000, 33.000000, 66.000000, 1914.000000, -2.000000, 48.000000
CQS_id=0
CQS_point1=1878.000000, -59.000000, 35.000000
CQS_point2=2319.000000, 24.000000, 26.000000
CQS_point3=2156.000000, -89.000000, 2.000000
CQS_point4=1929.088800, -366.50500, 21.72660
CQS_name1=Bridge
CQS_name2=Town
CQS_name3=Beach
CQS_name4=Warehouse
CQS_CPOfSet1=1858.000000, -59.000000, 40.000000
CQS_CPOfSet2=2319.000000, 40.000000, 35.000000
CQS_CPOfSet3=2156.000000, -100.000000, 10.000000
CQS_CPOfSet4=1924.000000, -400.000000, 30.000000
CQS_owner1=0
CQS_owner2=1
CQS_owner3=-1
CQS_owner4=-1
CQS_msu1=433, 1888.421752, -20.092136, 35.288230, 342.240661
CQS_msu2=455, 2340.133544, 8.939181, 26.843833, 179.783843
