GEN_Weather=19
GEN_Time=6, 0
GEN_Author=Southclaw
GEN_spawn1=1123.255493, -2022.680786, 305.867919
GEN_spawn2=1079.174194, -2065.054687, 306.193847
GEN_CamPos=1079.000000, -2065.000000, 336.000000, 1123.000000, -2022.000000, 305.000000
