GEN_Weather=72
GEN_Time=6, 0
GEN_Author=Southclaw
GEN_spawn1=22.701379, -264.714385, 198.394393
GEN_spawn2=166.968307, -306.239501, 198.392807
GEN_CamPos=15.000000, -264.000000, 230.000000, 166.000000, -306.000000, 198.000000
