GEN_Weather=1
GEN_Time=5, 46
GEN_Author=Onfire
GEN_spawn1=-1172.244018, -3724.814453, 22.704771
GEN_spawn2=-845.900878, -3630.018310, 1.177747
GEN_CamPos=-845.000000, -3623.000000, 6.000000, -1172.000000, -3724.000000, 22.000000
