GEN_Weather=3
GEN_Time=5, 25
GEN_Author=Rockstar
GEN_spawn1=413.984893, 2536.575683, 19.148437
GEN_spawn2=-312.347991, 1539.466064, 75.562500
CQS_id=2
CQS_point1=413.000000, 2536.000000, 19.000000
CQS_point2=662.000000, 1696.000000, 7.000000
CQS_point3=-311.000000, 1574.000000, 75.000000
CQS_point4=-364.000000, 2222.000000, 42.000000
CQS_name1=Airstrip
CQS_name2=Gas Stop
CQS_name3=Satalite
CQS_name4=Ghost Town
CQS_CPOfSet1=401.000000, 2515.000000, 19.000000
CQS_CPOfSet2=661.000000, 1704.000000, 14.000000
CQS_CPOfSet3=-298.000000, 1540.000000, 81.000000
CQS_CPOfSet4=-390.000000, 2220.000000, 48.000000
CQS_owner1=0
CQS_owner2=-1
CQS_owner3=1
CQS_owner4=-1
GEN_CamPos=76.000000, 1964.000000, 41.000000, 153.000000, 1912.000000, 18.000000
CQS_msu1=433, 418.761291, 2525.781982, 16.959600, 89.518516
CQS_msu2=455, -83.293716, 1361.69995, 10.787410, 303.347656
