GEN_Weather=0
GEN_Time=7, 37
GEN_Author=Defiance
GEN_spawn1=2015.961791, -2187.928222, 306.669555
GEN_spawn2=2118.133056, -2119.675292, 311.682708
GEN_CamPos=2005.000000, -2197.000000, 316.000000, 2149.000000, -2174.000000, 284.000000
