GEN_Weather=17
GEN_Time=20, 16
GEN_Author=Southclaw
GEN_spawn1=172.111740, 507.624359, 4.079980
GEN_spawn2=145.948608, 704.515563, 6.226037
AD_CapturePoint1=214.000000, 459.000000, 10.000000
AD_DefendingTeam=0
GEN_CamPos=145.000000, 704.000000, 15.000000, 217.000000, 516.000000, 5.000000
