GEN_Weather=0
GEN_Time=7, 41
GEN_Author=Southclaw
GEN_spawn1=255.160568, 3502.243408, 12.500000
GEN_spawn2=271.559967, 3640.342529, 12.500000
AD_CapturePoint1=270.000000, 3633.000000, 16.000000
AD_DefendingTeam=1
GEN_CamPos=266.000000, 3607.000000, 16.000000, 271.000000, 3640.000000, 12.000000
