GEN_Weather=0
GEN_Time=11, 36
GEN_Author=Rockstar
GEN_spawn1=-1571.000000, -2727.000000, 48.000000
GEN_spawn2=-17.000000, -2504.000000, 36.000000
CQS_id=3
CQS_point1=-1571.000000, -2727.000000, 48.000000
CQS_point2=-1218.000000, -2341.000000, 17.000000
CQS_point3=-262.000000, -2183.000000, 28.000000
CQS_point4=-17.000000, -2504.000000, 36.000000
CQS_name1=Gas Stop
CQS_name2=Bridge
CQS_name3=Water
CQS_name4=Farmhouse
CQS_CPOfSet1=-1585.000000, -2728.000000, 54.000000
CQS_CPOfSet2=-1263.000000, -2338.000000, 26.000000
CQS_CPOfSet3=-280.000000, -2172.000000, 38.000000
CQS_CPOfSet4=-20.000000, -2537.000000, 43.000000
CQS_owner1=0
CQS_owner2=-1
CQS_owner3=-1
CQS_owner4=-1
GEN_CamPos=0.000000, 0.000000, 0.000000, 0.000000, 0.000000, 0.000000
CQS_msu1=433, -1590.542236,-2725.853027, 48.975769, 233.874160
CQS_msu2=455, -24.894607, -2511.7114, 37.088603, 159.891876
