AD_CapturePoint1=107.000000, 1920.000000, 18.000000
AD_CapturePoint2=259.000000, 1856.000000, 8.000000
AD_CapturePoint3=268.000000, 1883.000000, -30.000000
AD_DefendingTeam=0
GEN_Weather=19
GEN_Time=21, 35
GEN_Author=Rockstar
GEN_spawn1=199.887451, 1900.993164, 17.640625
GEN_spawn2=-146.703292, 1959.738769, 15.379400
CTF_flag1=121.000000, 1918.000000, 19.000000
CTF_flag2=-144.000000, 1960.000000, 15.000000
GEN_CamPos=76.000000, 1964.000000, 41.000000, 153.000000, 1912.000000, 18.000000
