GEN_Weather=0
GEN_Time=20, 53
GEN_Author=Rockstar
GEN_spawn1=-850.786560, -1835.882080, 91.460937
GEN_spawn2=-1112.045288, -1674.602172, 76.367187
AD_CapturePoint1=-1116.000000, -1621.000000, 76.000000
AD_DefendingTeam=1
GEN_CamPos=-1062.277954, -1596.429321, 101.373931, -1091.411743, -1627.581176, 76.367187
