GEN_Weather=0
GEN_Time=6, 45
GEN_Author=Rockstar
GEN_spawn1=-1251.280151, 2065.794433, 76.207725
GEN_spawn2=-1077.929565, 2336.075195, 85.259178
AD_CapturePoint1=-1066.000000, 2197.000000, 87.000000
AD_DefendingTeam=1
GEN_CamPos=-984.362304, 2217.965820, 108.002357, -1065.898437, 2196.261718, 87.737136
