GEN_Weather=0
GEN_Time=5, 36
GEN_Author=Southclaw
GEN_spawn1=-1209.050903, -817.703247, 214.076293
GEN_spawn2=-1081.758666, -1048.997070, 213.979858
CQS_id=4
CQS_point1=-1157.000000, -1381.000000, 257.000000
CQS_point2=-1209.000000, -817.000000, 214.000000
CQS_point3=-876.000000, -844.000000, 213.000000
CQS_point4=-1081.000000, -1048.000000, 213.000000
CQS_name1=Woods
CQS_name2=City
CQS_name3=Estate
CQS_name4=Depot
CQS_CPOfSet1=-1143.000000, -1389.000000, 262.000000
CQS_CPOfSet2=-1183.000000, -817.000000, 220.000000
CQS_CPOfSet3=-895.000000, -844.000000, 226.000000
CQS_CPOfSet4=-1066.000000, -1034.000000, 222.000000
CQS_owner1=-1
CQS_owner2=0
CQS_owner3=-1
CQS_owner4=1
GEN_CamPos=0.000000, 0.000000, -800.000000, 0.000000, 0.000000, -800.000000
CQS_msu1=433, -1223.797973, -817.875427, 214.393066, 178.769638
CQS_msu2=455, -1122.017211, -1377.2459, 255.931060, 354.741180
