GEN_Weather=0
GEN_Time=5, 36
GEN_Author=Defiance
GEN_spawn1=-27.891094, -1969.973632, 1.109907
GEN_spawn2=-146.052001, -1877.763549, 0.243548
GEN_CamPos=-0.589999, -1933.140014, 8.590000, -4.760000, -1931.790039, 6.190000
