GEN_Weather=19
GEN_Time=21, 35
GEN_Author=Onfire
GEN_spawn1=36.017700, 1507.699584, 12.750000
GEN_spawn2=-2.825599, 1504.842651, 12.755999
GEN_CamPos=23.000000, 1410.000000, 49.000000, 28.000000, 1502.000000, 18.000000
