GEN_Weather=33
GEN_Time=5, 55
GEN_Author=Rockstar
GEN_spawn1=-323.279388, 1050.026611, 20.340299
GEN_spawn2=-88.946098, 1122.747802, 19.742200
GEN_CamPos=-329.000000, 1057.000000, 34.000000, -286.000000, 1080.000000, 20.000000
