GEN_Weather=11
GEN_Time=0, 0
GEN_Author=Rockstar
GEN_spawn1=536.615173, 1796.102416, 30.236000
GEN_spawn2=646.627807, 1699.944946, 6.992199
AD_CapturePoint1=648.000000, 1688.000000, 6.000000
AD_DefendingTeam=1
GEN_CamPos=542.000000, 1796.000000, 30.000000, 646.000000, 1699.000000, 6.992198
