GEN_Weather=20
GEN_Time=0, 0
GEN_Author=Southclaw
GEN_spawn1=3141.269775, 3188.130859, 11.000000
GEN_spawn2=3276.892578, 3248.656738, 11.000000
GEN_CamPos=3187.000000, 3198.000000, 28.000000, 3256.000000, 3246.000000, 21.000000
