GEN_Weather=82
GEN_Time=8, 0
GEN_Author=Rockstar
GEN_spawn1=-893.682189, 1527.891113, 25.927986
GEN_spawn2=-1044.284667, 1554.212768, 33.293056
AD_CapturePoint1=-934.000000, 1423.000000, 30.000000
AD_CapturePoint2=-889.000000, 1525.000000, 25.000000
AD_CapturePoint3=-804.000000, 1555.000000, 27.000000
AD_DefendingTeam=0
GEN_CamPos=-846.000000, 1591.000000, 49.000000, -775.000000, 1544.000000, 11.000000
