GEN_Weather=72
GEN_Time=8, 0
GEN_Author=Southclaw
GEN_spawn1=1589.954101, -1239.657836, 478.541015
GEN_spawn2=1638.663208, -1195.905883, 473.151977
GEN_CamPos=1638.000000, -1195.000000, 490.000000, 1589.000000, -1239.000000, 468.000000
