owner=
price=14000
intid=5
doorx=2017.901245
doory=2662.665039
doorz=10.000000
car00m=0
car00p=-1
car00s=-1
car00x=2027.006347
car00y=2652.186767
car00z=10.820310
car00a=0.000000
