owner=
price=14000
intid=5
doorx=1967.520874
doory=2765.250244
doorz=10.000000
car00m=0
car00p=-1
car00s=-1
car00x=1960.571655
car00y=2753.040283
car00z=10.820310
car00a=0.000000
