owner=
price=14000
intid=5
doorx=2039.724975
doory=2765.036865
doorz=10.810000
car00m=542
car00p=-1
car00s=-1
car00x=2031.813964
car00y=2754.570068
car00z=10.820310
car00a=0.000000
