owner=
price=14000
intid=5
doorx=2037.259521
doory=2722.340332
doorz=11.000000
car00m=0
car00p=-1
car00s=-1
car00x=2028.122436
car00y=2731.978027
car00z=10.820310
car00a=0.000000
