owner=
price=14000
intid=5
doorx=2066.138183
doory=2723.037841
doorz=10.810000
car00m=542
car00p=148
car00s=6
car00x=2059.330078
car00y=2732.393310
car00z=10.820310
car00a=0.000000
owner=[HLF]Southclaw
