owner=
price=14000
intid=5
doorx=1921.383422
doory=2661.242187
doorz=10.000000
car00m=0
car00p=-1
car00s=-1
car00x=1928.208496
car00y=2652.848388
car00z=10.820310
car00a=0.000000
