owner=[A]Rabbit
price=14000
intid=5
doorx=1992.550292
doory=2763.040771
doorz=10.000000
car00m=402
car00p=-1
car00s=-1
car00x=1997.383422
car00y=2757.815673
car00z=10.820310
car00a=0.000000
car00c=0|0|0|0|0|0|0|0|0|0|0|0|0|0|
