owner=
price=14000
intid=5
doorx=1931.176147
doory=2722.862792
doorz=10.000000
car00m=0
car00p=-1
car00s=-1
car00x=1916.149536
car00y=2760.633544
car00z=10.820310
car00a=0.000000
