owner=
price=14000
intid=5
doorx=1950.571777
doory=2724.289550
doorz=10.000000
car00m=0
car00p=-1
car00s=-1
car00x=1943.610961
car00y=2731.471191
car00z=10.820310
car00a=0.000000
