owner=
price=14000
intid=5
doorx=2056.506103
doory=2663.149902
doorz=10.000000
car00m=0
car00p=-1
car00s=-1
car00x=2063.164306
car00y=2651.945800
car00z=10.820310
car00a=0.000000
