owner=
price=14000
intid=5
doorx=2018.124511
doory=2722.803710
doorz=10.000000
car00m=0
car00p=-1
car00s=-1
car00x=2010.702880
car00y=2730.127441
car00z=10.820310
car00a=0.000000
