owner=[A]Rabbit
price=14000
intid=5
doorx=2049.653320
doory=2763.444580
doorz=10.000000
car00m=542
car00p=-1
car00s=-1
car00x=2057.069335
car00y=2754.332031
car00z=10.820310
car00a=0.000000
car00c=0|0|0|0|0|0|0|0|0|0|0|0|0|0|
