owner=
price=14000
intid=5
doorx=1950.580566
doory=2662.506835
doorz=10.000000
car00m=0
car00p=-1
car00s=-1
car00x=1959.198364
car00y=2652.283447
car00z=10.820310
car00a=0.000000
