owner=
price=14000
intid=5
doorx=1969.625122
doory=2662.983154
doorz=10.000000
car00m=0
car00p=-1
car00s=-1
car00x=1977.447265
car00y=2654.149658
car00z=10.820310
car00a=0.000000
