owner=[HLF]Southclaw
price=14000
intid=5
doorx=1969.901000
doory=2723.905029
doorz=10.000000
car00m=0
car00p=-1
car00s=-1
car00x=1960.840698
car00y=2733.124267
car00z=10.820310
car00a=0.000000
