owner=
price=14000
intid=5
doorx=1928.170166
doory=2774.413574
doorz=10.000000
car00m=0
car00p=-1
car00s=-1
car00x=1925.431518
car00y=2731.990966
car00z=10.820310
car00a=0.000000
