owner=
price=14000
intid=5
doorx=1989.005615
doory=2663.219726
doorz=10.000000
car00m=0
car00p=-1
car00s=-1
car00x=1995.788330
car00y=2653.649414
car00z=10.820310
car00a=0.000000
