owner=[A]Rabbit
price=14000
intid=5
doorx=2018.782714
doory=2765.073974
doorz=10.000000
car00m=402
car00p=0
car00s=0
car00x=2011.504516
car00y=2753.634765
car00z=10.820310
car00a=0.000000
car00c=0|0|0|0|0|0|0|0|0|0|0|0|0|0|
