MaxPlayers=2 
FinishPos=8 
Slot0=-2134.685058, -2416.719726, 30.100519, 231.557556
Slot1=-2137.482910, -2420.244384, 30.100519, 231.557556
