MaxPlayers=2 
FinishPos=3 
Slot0=-2500.975585, 2410.354248, 16.162715, 31.058439
Slot1=-2497.120605, 2412.675781, 16.162715, 31.058439
