MaxPlayers=2 
FinishPos=4 
Slot0=-2616.883300, 2266.313476, 7.824447, 0.232553
Slot1=-2613.383300, 2266.327636, 7.824447, 0.232553
