MaxPlayers=2
FinishPos=2
Slot0=-299.022430, 1504.366088, 75.245399, 181.482589
Slot1=-305.106445, 1504.309448, 75.216407, 183.967529
