MaxPlayers=4 
FinishPos=9 
Slot0=1809.100341, 819.861511, 10.371496, 179.595062
Slot1=1804.100463, 819.896850, 10.371496, 179.595062
Slot2=1791.600830, 819.985168, 10.371496, 179.595062
Slot3=1785.600952, 820.027587, 10.371496, 179.595062
