MaxPlayers=4 
FinishPos=0 
Slot0=2030.385864, 831.413146, 6.366157, 88.796974
Slot1=2030.490844, 836.412048, 6.366157, 88.796974
Slot2=2030.763793, 849.409179, 6.366157, 88.796974
Slot3=2030.868774, 854.408081, 6.366157, 88.796974
