MaxPlayers=2
FinishPos=6
Slot0=-216.188720, 239.727981, 11.819019, 75.790390
Slot1=-214.748077, 245.323013, 11.697513, 76.276542
