MaxPlayers=4 
FinishPos=8 
Slot0=2715.039062, -1627.389160, 12.513990, 90.724975
Slot1=2714.975830, -1622.389526, 12.513990, 90.724975
Slot2=2714.874511, -1614.390258, 12.513990, 90.724975
Slot3=2714.804931, -1608.890625, 12.513990, 90.724975
