MaxPlayers=2
FinishPos=0
Slot0=-1179.396484, 1795.694702, 40.274154, 87.847831
Slot1=-1180.078125, 1800.770996, 40.284667, 89.342163
