MaxPlayers=2 
FinishPos=9 
Slot0=1441.937744, -1438.420288, 13.015900, 270.489898
Slot1=1441.978759, -1443.220092, 13.015900, 270.489898
