MaxPlayers=4 
FinishPos=8 
Slot0=1330.210937, -1408.228149, 12.981635, 90.642974
Slot1=1330.151489, -1402.928466, 12.981635, 90.642974
Slot2=1330.095336, -1397.928833, 12.981635, 90.642974
Slot3=1330.036987, -1392.729125, 12.981635, 90.642974
