MaxPlayers=2 
FinishPos=4 
Slot0=522.431152, 2347.974853, 29.989921, 237.210083
Slot1=520.752319, 2345.368896, 29.989921, 237.210083
