MaxPlayers=2
FinishPos=7
Slot0=-559.462158, -1122.496582, 22.408451, 149.744232
Slot1=-564.472106, -1119.574218, 22.408451, 149.744232
