MaxPlayers=2
FinishPos=4
Slot0=-392.165069, 1742.214721, 41.862838, 65.200424
Slot1=-390.330902, 1745.893554, 42.342788, 62.490730
