MaxPlayers=2 
FinishPos=7 
Slot0=-21.234413, -1526.363647, 1.478054, 176.197113
Slot1=-26.722303, -1525.998901, 1.478054, 176.197113
