MaxPlayers=4 
FinishPos=8 
Slot0=1423.321044, -955.370971, 35.814945, 80.419776
Slot1=1424.153198, -950.440673, 35.814945, 80.419776
Slot2=1424.985351, -945.510437, 35.814945, 80.419776
Slot3=1425.817504, -940.580139, 35.814945, 80.419776
