MaxPlayers=4
FinishPos=9	
Slot0=1631.413452, 311.146850, 20.717615, 250.526397
Slot1=1630.079956, 307.375671, 20.717615, 250.526397
Slot2=1624.745971, 292.290954, 20.717615, 250.526397
Slot3=1623.079101, 287.576965, 20.717615, 250.526397
