MaxPlayers=4 
FinishPos=8 
Slot0=1340.022094, -2466.787109, 7.288483, 91.063941
Slot1=1339.929199, -2461.788085, 7.288483, 91.063941
Slot2=1339.743530, -2451.789794, 7.288483, 91.063941
Slot3=1339.650756, -2446.790527, 7.288483, 91.063941
