MaxPlayers=4 
FinishPos=5 
Slot0=1295.065795, -1845.611450, 13.014618, 359.778839
Slot1=1299.565795, -1845.628784, 13.014618, 359.778839
Slot2=1309.565673, -1845.667480, 13.014618, 359.778839
Slot3=1315.065673, -1845.688598, 13.014618, 359.778839
