MaxPlayers=2 
FinishPos=2 
Slot0=2251.606689, 2235.732421, 10.444154, 269.416412
Slot1=2251.555664, 2230.732666, 10.444154, 269.416412
