MaxPlayers=2
FinishPos=3
Slot0=-2428.550292, -605.251403, 132.564071, 35.303512
Slot1=-2424.519775, -602.458251, 132.567672, 34.197006
