MaxPlayers=2 
FinishPos=6 
Slot0=-2840.058593, 468.575714, 3.795714, 270.286315
Slot1=-2840.033691, 463.575775, 3.795714, 270.286315
