MaxPlayers=4 
FinishPos=7 
Slot0=-2251.068603, 1036.547119, 83.327278, 179.261260
Slot1=-2256.068115, 1036.611572, 83.327278, 179.261260
Slot2=-2261.067871, 1036.676025, 83.327278, 179.261260
Slot3=-2266.067382, 1036.740478, 83.327278, 179.261260
