MaxPlayers=3 
FinishPos=6 
Slot0=-1553.550292, 721.195495, 6.670974, 179.828674
Slot1=-1558.550292, 721.210449, 6.670974, 179.828674
Slot2=-1563.550292, 721.225402, 6.670974, 179.828674
