MaxPlayers=4 
FinishPos=1 
Slot0=-1987.754272, 1051.626953, 55.202064, 90.469291
Slot1=-1987.811645, 1058.626708, 55.202064, 90.469291
Slot2=-1987.922119, 1072.126220, 55.202064, 90.469291
Slot3=-1987.979492, 1079.125976, 55.202064, 90.469291
