MaxPlayers=3 
FinishPos=0 
Slot0=-2009.423583, 336.038940, 34.640205, 0.886029
Slot1=-2003.924194, 336.123992, 34.640205, 0.886029
Slot2=-1999.424804, 336.193572, 34.640205, 0.886029
