MaxPlayers=2
FinishPos=8
Slot0=-1541.749389, -2786.769042, 46.968677, 235.686584
Slot1=-1544.567993, -2790.898925, 46.968677, 235.686584
