MaxPlayers=4 
FinishPos=9 
Slot0=2149.938964, 2220.156005, 10.303586, 176.971008
Slot1=2144.946044, 2220.420166, 10.303586, 176.971008
Slot2=2131.464843, 2221.133544, 10.303586, 176.971008
Slot3=2125.972412, 2221.424316, 10.303586, 176.971008
