MaxPlayers=2 
FinishPos=1 
Slot0=-870.012207, 1628.560546, 26.602155, 29.445938
Slot1=-865.135620, 1631.313476, 26.602155, 29.445938
