MaxPlayers=4 
FinishPos=7 
Slot0=-99.240882, -1448.275512, 12.436738, 134.962097
Slot1=-102.420761, -1445.091430, 12.436738, 134.962097
Slot2=-117.613494, -1429.878540, 12.436738, 134.962097
Slot3=-121.146690, -1426.340698, 12.436738, 134.962097
