MaxPlayers=2
FinishPos=8
Slot0=-1816.055786, -597.198364, 15.938262, 180.491180
Slot1=-1820.555664, -597.236938, 15.938262, 180.491180
